1.010435911802100236e+03
-5.570799417859039386e+04
-1.006885508511889930e+04
-3.824659564042247894e+03
-4.381431488389287097e+02
5.898114106181940588e+04
-9.603563748982460311e+03
-2.980165878801557483e+03
7.733520175116409519e+03
2.828076486780822052e+03
-5.816079304240845183e+00
-7.934720837273107463e+03
-4.910702903421885139e+02
-3.138535082021422113e+03
-2.941957206510150718e+04
6.330573081904890569e+04
-9.164304073566312582e+03
-2.154992502883636462e+03
1.010802058547299202e+04
2.828904581205773411e+03
-5.816079307813572186e+00
-7.582618805456563678e+03
-1.269024516836750962e+02
-2.243173999547374933e+03
-2.151443123820531036e+04
2.841938160530828100e+03
-5.816079309040556922e+00
2.830350879144356895e+03
-5.816079308378090396e+00
-5.816079305998197668e+00
-7.120689326672578318e+03
5.419102654469650133e+02
-7.007812371511967058e+02
-2.566764680450352898e+03
2.459245305506852674e+04
1.778877891324056691e+04
-8.748428692609501013e+03
-1.348457346892624400e+03
7.904316814832805903e+03
2.829664684973049589e+03
-5.816079308456370889e+00
-7.250333688313521634e+03
2.310019188205014302e+02
-1.368273131178399126e+03
-1.220063871665966872e+04
2.841939783345550495e+03
-5.816079306550577144e+00
2.831004390838673771e+03
-5.816079307525368947e+00
-5.816079307525429343e+00
-6.833130492668105035e+03
8.231353542931301490e+02
-3.254096382486286529e+02
-1.629014100016887369e+03
1.516554128963376934e+04
2.841952594755502560e+03
-5.816079307344354632e+00
2.841942519043490393e+03
-5.816079307344373284e+00
-5.816079307344381277e+00
2.831002685664871933e+03
-5.816079306657661263e+00
-5.816079306657790049e+00
-5.816079303972634840e+00
-7.164084705786587620e+03
-4.339843340418884736e+02
4.602910414388163645e+02
-8.755403595443889344e+02
-2.090289345677230813e+03
1.061731858743954945e+04
-3.545886365824922541e+04
-8.353636620628576566e+03
-5.599015621688323563e+02
3.041553726938896943e+03
2.830364114033042370e+03
-5.816079300878292280e+00
-6.935725121773636602e+03
5.828117866938490579e+02
-5.131290954995881748e+02
-3.150350154406769434e+03
2.841941244432701296e+03
-5.816079299280225712e+00
2.831602212203785712e+03
-5.816079299280129788e+00
-5.816079299262048252e+00
-6.559624796295915985e+03
1.098460728634388488e+03
4.347058847376291624e+01
-7.126736544513225908e+02
8.953290395782145424e+03
2.841952597866430096e+03
-5.816079300605617064e+00
2.841943749327133446e+03
-5.816079299259518720e+00
-5.816079299259431679e+00
2.831583959793148551e+03
-5.816079299648150069e+00
-5.816079299648245104e+00
-5.816079299648168721e+00
-6.916744607746535621e+03
-2.058566150578427596e+02
7.438576237486139462e+02
-4.908322936017387406e+02
-1.117214183721572454e+03
4.105326985528491605e+03
2.841952577414458574e+03
-5.816079300081926640e+00
2.841952601400950698e+03
-5.816079301499197385e+00
-5.816079301499164522e+00
2.841943588474613989e+03
-5.816079301499150311e+00
-5.816079302346557789e+00
-5.816079302346477853e+00
2.830367335560576976e+03
-5.816079301346110952e+00
-5.816079301631738474e+00
-5.816079301631748244e+00
-5.816079301631726928e+00
-7.569722853118119929e+03
-1.128865854048059646e+03
-4.547527422763034224e+02
3.922750214911578723e+02
-1.021172961417632223e+03
-1.693226566757619821e+03
-1.402952770001116278e+03
-6.826670147459872533e+04
-7.977926382779160122e+03
2.113111902796783568e+02
-2.409134488698380665e+03
2.831009306005593771e+03
-5.816079306252850856e+00
-6.636942458705437275e+03
9.286909871694492722e+02
3.229378621026553446e+02
4.643607737558821100e+03
2.841942562062604338e+03
-5.816079307642284313e+00
2.832150502057870199e+03
-5.816079306641849023e+00
-5.816079305734310978e+00
-6.298641327153906786e+03
1.368031835335042388e+03
4.060325994874467028e+02
1.829777807495006812e+02
3.610984864464581733e+03
2.841952600582192645e+03
-5.816079304244114567e+00
2.841944847488553023e+03
-5.816079301287843784e+00
-5.816079304038920483e+00
2.832117449990538262e+03
-5.816079304020421503e+00
-5.816079304020413510e+00
-5.816079304020387752e+00
-6.678372774060309894e+03
1.686236313872020531e+01
1.021479287646157672e+03
-1.128055200289130653e+02
-1.663407571753820378e+02
8.913200671586175758e+02
2.841952577420665875e+03
-5.816079305188721627e+00
2.841952603627724784e+03
-5.816079305240824837e+00
-5.816079302345396940e+00
2.841944673336036885e+03
-5.816079305240823061e+00
-5.816079302168010834e+00
-5.816079305143293077e+00
2.830922309241926996e+03
-5.816079305143293077e+00
-5.816079305507925845e+00
-5.816079305507940944e+00
-5.816079305507923181e+00
-7.354516338400027962e+03
-9.573497345053154959e+02
-2.261488859500420290e+02
6.777928482480865569e+02
-6.286845066962989677e+02
-6.907142536963324346e+02
-1.658241773380933637e+03
2.841952577165100593e+03
-5.816079302807977136e+00
2.841952577421716342e+03
-5.816079305315102310e+00
-5.816079305315089876e+00
2.841952603369400094e+03
-5.816079305250277720e+00
-5.816079305250251963e+00
-5.816079305250277720e+00
2.841941960408469185e+03
-5.816079305380823072e+00
-5.816079305380818631e+00
-5.816079301543823021e+00
-5.816079305380830178e+00
2.829125442895254309e+03
-5.816079305091029106e+00
-5.816079305091037099e+00
-5.816079305091014895e+00
-5.816079304909064440e+00
-5.816079304909076875e+00
-8.209910400548509642e+03
-9.657503354197486942e+02
-1.133498636755497955e+03
-4.720597491543308593e+02
3.355950049354569842e+02
-1.142533463155598611e+03
-1.362340917645739864e+03
-1.031191318793573919e+04
-6.291426423368589167e+04
-7.619555407175855180e+03
9.657954500301507323e+02
-6.810346781711442418e+03
2.831605928872134882e+03
-5.816079304775066738e+00
-6.352385047815027065e+03
1.268798377649297663e+03
1.140584608232872597e+03
1.070724200655959066e+04
2.841943752333073007e+03
-5.816079305281259160e+00
2.832654672228234176e+03
-5.816079305281276923e+00
-5.816079305755552653e+00
-6.048867541218354745e+03
1.631990271194550814e+03
7.624443444694480831e+02
1.058637382357784190e+03
-2.467559782509544220e+03
2.841952602933533399e+03
-5.816079306296369822e+00
2.841945828952745615e+03
-5.816079306850168607e+00
-5.816079304751376355e+00
2.832608390819982560e+03
-5.816079307245994201e+00
-5.816079307245993313e+00
-5.816079307245997754e+00
-6.448016391532641137e+03
2.343073225782314921e+02
1.293302303670994888e+03
2.587166100735583996e+02
7.630668441931754842e+02
-1.510054348138065507e+03
2.841952577433404713e+03
-5.816079306851629660e+00
2.841952605517174106e+03
-5.816079306145370609e+00
-5.816079303828904479e+00
2.841945644177453232e+03
-5.816079307145813004e+00
-5.816079306849507802e+00
-5.816079305849061853e+00
2.831435264518603162e+03
-5.816079305849060077e+00
-5.816079309854438328e+00
-5.816079307296668333e+00
-5.816079309854440993e+00
-7.143325374490721515e+03
-7.901012051753990590e+02
-2.962694956053452344e+00
9.573280869531496364e+02
-2.430356105586598687e+02
2.889366569019134090e+02
1.591275992928666938e+03
2.841952577171317444e+03
-5.816079309854435664e+00
2.841952577431587997e+03
-5.816079309854439217e+00
-5.816079306831634987e+00
2.841952605252318335e+03
-5.816079309854436552e+00
-5.816079310854880724e+00
-5.816079310854878059e+00
2.841942999563632384e+03
-5.816079309854440993e+00
-5.816079309854439217e+00
-5.816079309854439217e+00
-5.816079309854443657e+00
2.829676860324366316e+03
-5.816079309854440105e+00
-5.816079309854440993e+00
-5.816079309854439217e+00
-5.816079307296666556e+00
-5.816079306831633211e+00
-8.024170726639365967e+03
-8.535391733644768237e+02
-9.618871544783601166e+02
-2.430591118199683649e+02
6.227388687915496348e+02
-7.435613507793093504e+02
-3.352976450889163971e+02
-6.326881644537874308e+03
2.841952577171963185e+03
-5.816079310854878059e+00
2.841952577173496138e+03
-5.816079309854442769e+00
-5.816079309854440105e+00
2.841952577436873526e+03
-5.816079306831631435e+00
-5.816079309854434776e+00
-5.816079309854439217e+00
2.841952599035020285e+03
-5.816079309854441881e+00
-5.816079309854441881e+00
-5.816079309854436552e+00
-5.816079309854437440e+00
2.841939004866249434e+03
-5.816079309854439217e+00
-5.816079309854437440e+00
-5.816079309854435664e+00
-5.816079309854440105e+00
-5.816079309854441881e+00
2.827400214908714133e+03
-5.816079306831633211e+00
-5.816079309854442769e+00
-5.816079310854884277e+00
-5.816079310854886053e+00
-5.816079309854439217e+00
-5.816079309854438328e+00
-9.051437756835737673e+03
-1.205335088218232755e+02
-9.667246708310353824e+02
-1.137359289025603630e+03
-4.864822549475770757e+02
2.883616576548924968e+02
-1.243667214428009856e+03
-1.086602876692370955e+03
-1.401249862500817835e+04
-9.417087030647555366e+03
-7.277004855117768784e+03
1.704144646509020959e+03
-8.771798939113445158e+03
2.832158976066016294e+03
-5.816079309854440105e+00
-6.080667843477851420e+03
1.603287985921239169e+03
1.940445838437385873e+03
1.440395605262694880e+04
2.841944829320322697e+03
-5.816079309854439217e+00
2.833119480383105383e+03
-5.816079309854441881e+00
-5.816079307296663892e+00
-5.809178346357530245e+03
1.890473885802621453e+03
1.112868721788612447e+03
1.914979123045936149e+03
-1.029669066873857810e+04
2.841952604962935311e+03
-5.816079307296667444e+00
2.841946707235772010e+03
-5.816079309854441881e+00
-5.816079309854440105e+00
2.833061381752293073e+03
-5.816079309854439217e+00
-5.816079309854438328e+00
-5.816079309854438328e+00
-6.224873463721142798e+03
4.466095165241405880e+02
1.559469077068189108e+03
6.239054757151784543e+02
1.671720315595896409e+03
-4.860302826680341241e+03
2.841952577434293744e+03
-5.816079309854437440e+00
2.841952607108249140e+03
-5.816079309854438328e+00
-5.816079307296664780e+00
2.841946514129606840e+03
-5.816079309854437440e+00
-5.816079309854442769e+00
-5.816079309854440993e+00
2.831910670115183621e+03
-5.816079306831634987e+00
-5.816079309854442769e+00
-5.816079309854440993e+00
-5.816079309854440993e+00
-6.935766064503526650e+03
-6.270133144285467779e+02
2.149407148057167092e+02
1.231027693880627794e+03
1.359532854835170781e+02
1.246474397061236459e+03
5.805306553795072432e+03
2.841952577171995927e+03
-5.816079309854444546e+00
2.841952577436260071e+03
-5.816079309854440105e+00
-5.816079306831634099e+00
2.841952606850794382e+03
-5.816079309854444546e+00
-5.816079309854442769e+00
-5.816079309854443657e+00
2.841943937771455239e+03
-5.816079309854443657e+00
-5.816079309854440993e+00
-5.816079309854443657e+00
-5.816079309854445434e+00
2.830190745690004405e+03
-5.816079309854441881e+00
-5.816079309854440105e+00
-5.816079309854444546e+00
-5.816079309854442769e+00
-5.816079307832072054e+00
-7.837359211499908270e+03
-7.441532449779996341e+02
-7.945450194827769792e+02
-1.948357660798063051e+01
9.038687529556923437e+02
-3.515606858268718611e+02
6.683345022528508252e+02
1.740879201441234500e+03
2.841952577169143751e+03
-5.816079309854440993e+00
2.841952577173763984e+03
-5.816079309854440105e+00
-5.816079309854441881e+00
2.841952577437062700e+03
-5.816079306831631435e+00
-5.816079309854441881e+00
-5.816079309854441881e+00
2.841952600808184798e+03
-5.816079309854441881e+00
-5.816079309854442769e+00
-5.816079309854441881e+00
-5.816079310854884277e+00
2.841940051794378633e+03
-5.816079309854442769e+00
-5.816079307296667444e+00
-5.816079309854441881e+00
-5.816079309854442769e+00
-5.816079309854444546e+00
2.827965370252764387e+03
-5.816079309854442769e+00
-5.816079309854441881e+00
-5.816079309854440993e+00
-5.816079309854442769e+00
-5.816079309854442769e+00
-5.816079309854442769e+00
-8.895218531023141622e+03
-6.645759113140894669e+01
-8.544945744599843920e+02
-9.656683377492095133e+02
-2.571509666363419342e+02
5.768605525238340306e+02
-8.392920540973008201e+02
-3.911713780692736719e+01
-9.142162401665815196e+03
2.841952577172409747e+03
-5.816079309854442769e+00
2.841952577173116424e+03
-5.816079309854442769e+00
-5.816079309854442769e+00
2.841952577173049576e+03
-5.816079309854444546e+00
-5.816079309854441881e+00
-5.816079309854447210e+00
2.841952577427516189e+03
-5.816079309854442769e+00
-5.816079309854442769e+00
-5.816079309854444546e+00
-5.816079309854441881e+00
2.841952591330521045e+03
-5.816079309854442769e+00
-5.816079309854442769e+00
-5.816079309854440993e+00
-5.816079307296665668e+00
-5.816079309854441881e+00
2.841934922083707534e+03
-5.816079310854885165e+00
-5.816079310854887829e+00
-5.816079309854440993e+00
-5.816079309854440105e+00
-5.816079309854440105e+00
-5.816079309854438328e+00
2.825185600504133163e+03
-5.816079309854442769e+00
-5.816079309854441881e+00
-5.816079309854440993e+00
-5.816079309854442769e+00
-5.816079309854440105e+00
-5.816079309854440993e+00
-5.816079309854442769e+00
-1.009317849025865144e+04
1.102281310038184529e+03
-1.207323135241204994e+02
-9.675366169055632781e+02
-1.140576499034636072e+03
-4.985010096690353407e+02
2.490005350909089543e+02
-1.327945340562419460e+03
-8.568211760462230586e+02
-5.818957220313232938e+03
9.657428867577915662e+04
-6.948949171745223794e+03
2.426931767782774841e+03
-7.155753168559590449e+03
2.832672849884736024e+03
-5.816079309854440993e+00
-5.820591644343223379e+03
1.932309154942686973e+03
2.723134773266012417e+03
1.642441948664725351e+04
2.841945805501441100e+03
-5.816079307296663892e+00
2.833549111042179902e+03
-5.816079307296663892e+00
-5.816079309854440993e+00
-5.578609401015720323e+03
2.143616882272747262e+03
1.457463726701270389e+03
2.752654495544530164e+03
-2.042112972592227015e+04
2.841952606711070985e+03
-5.816079310854886053e+00
2.841947494192300383e+03
-5.816079307296664780e+00
-5.816079309854440993e+00
2.833480466219669324e+03
-5.816079307296663892e+00
-5.816079309854441881e+00
-5.816079309854441881e+00
-6.008270110398741963e+03
6.538968200245921025e+02
1.820118251580118795e+03
9.829273418028953984e+02
2.560307885622348294e+03
-1.033735307778811693e+04
2.841952577437097716e+03
-5.816079309854441881e+00
2.841952608444466023e+03
-5.816079309854442769e+00
-5.816079309854442769e+00
2.841947294744411465e+03
-5.816079309854442769e+00
-5.816079310854884277e+00
-5.816079310854885165e+00
2.832352455128126621e+03
-5.816079309854440993e+00
-5.816079309854442769e+00
-5.816079309854440105e+00
-5.816079309854440993e+00
-6.731540123787014636e+03
-4.679818369503122995e+02
4.276927554005113734e+02
1.499034748635473989e+03
5.084564182914513708e+02
2.182622760245579684e+03
9.145227516763601670e+03
2.841952577170427503e+03
-5.816079309854442769e+00
2.841952577434617524e+03
-5.816079309854442769e+00
-5.816079307296662115e+00
2.841952608187938040e+03
-5.816079309854442769e+00
-5.816079309854444546e+00
-5.816079310854886053e+00
2.841944786291165201e+03
-5.816079309854440993e+00
-5.816079309854442769e+00
-5.816079309854442769e+00
-5.816079309854440993e+00
2.830670918755166440e+03
-5.816079307296662115e+00
-5.816079309854440105e+00
-5.816079309854440993e+00
-5.816079309854441881e+00
-5.816079309854440993e+00
-7.649669878937458634e+03
-6.375222927663172641e+02
-6.313652482224417781e+02
1.988018750576723335e+02
1.179132185760081029e+03
3.365051515000461535e+01
1.649314024572194967e+03
1.129173250070357790e+04
2.841952577171948178e+03
-5.816079309854442769e+00
2.841952577169482083e+03
-5.816079310854886053e+00
-5.816079309854442769e+00
2.841952577437445598e+03
-5.816079309854440993e+00
-5.816079307296663004e+00
-5.816079309854442769e+00
2.841952602332388778e+03
-5.816079309854441881e+00
-5.816079309854442769e+00
-5.816079309854442769e+00
-5.816079309854442769e+00
2.841941007555966735e+03
-5.816079309854441881e+00
-5.816079307296663892e+00
-5.816079309854440105e+00
-5.816079307296662115e+00
-5.816079309854439217e+00
2.828496494734688895e+03
-5.816079309854440993e+00
-5.816079309854440993e+00
-5.816079309854441881e+00
-5.816079310854886053e+00
-5.816079310854886053e+00
-5.816079309854440993e+00
-8.732498656896746979e+03
-1.371182778376209299e+01
-7.450900574174580697e+02
-7.982481980457005193e+02
-3.325097806117515375e+01
8.593193079326323414e+02
-4.419982486750870976e+02
9.844993730881274132e+02
7.168691006392003828e+02
2.841952577172134625e+03
-5.816079307296663892e+00
2.841952577169635788e+03
-5.816079309854439217e+00
-5.816079309854439217e+00
2.841952577173541613e+03
-5.816079309854440105e+00
-5.816079307296663892e+00
-5.816079309854440105e+00
2.841952577426113749e+03
-5.816079310854885165e+00
-5.816079310854886941e+00
-5.816079309854440993e+00
-5.816079309854439217e+00
2.841952593171554327e+03
-5.816079309854442769e+00
-5.816079309854441881e+00
-5.816079309854441881e+00
-5.816079307296663004e+00
-5.816079309854441881e+00
2.841936021283776881e+03
-5.816079309854440993e+00
-5.816079309854443657e+00
-5.816079309854440993e+00
-5.816079309854443657e+00
-5.816079309854441881e+00
-5.816079309854440105e+00
2.825780563985256322e+03
-5.816079309854442769e+00
-5.816079309854441881e+00
-5.816079309854440993e+00
-5.816079309854440105e+00
-5.816079310854883389e+00
-5.816079308024258765e+00
-5.816079309854440993e+00
-9.968486210668301283e+03
1.102091717106662600e+03
-6.665265535783538553e+01
-8.552907422842987444e+02
-9.688193238763735735e+02
-2.688941791063138567e+02
5.386286223679386467e+02
-9.190676402097657274e+02
2.076999512227386617e+02
-3.531153030448942445e+03
2.841952577172136898e+03
-5.816079309854439217e+00
2.841952577172136898e+03
-5.816079309854440993e+00
-5.816079309854440105e+00
2.841952577173061400e+03
-5.816079307296660339e+00
-5.816079309854439217e+00
-5.816079307296663892e+00
2.841952577174046382e+03
-5.816079308024256989e+00
-5.816079309854441881e+00
-5.816079309854440993e+00
-5.816079307296663892e+00
2.841952577408133493e+03
-5.816079309854441881e+00
-5.816079309854440993e+00
-5.816079307296660339e+00
-5.816079309854440993e+00
-5.816079309854440993e+00
2.841952580718754689e+03
-5.816079309854442769e+00
-5.816079309854440105e+00
-5.816079309854441881e+00
-5.816079309854442769e+00
-5.816079309854441881e+00
-5.816079309854442769e+00
2.841929654390244195e+03
-5.816079309854440105e+00
-5.816079309854440105e+00
-5.816079309854440993e+00
-5.816079310854886941e+00
-5.816079308024259653e+00
-5.816079309854442769e+00
-5.816079309854440993e+00
2.822430268531072670e+03
-5.816079309854441881e+00
-5.816079309854440105e+00
-5.816079309854442769e+00
-5.816079309854442769e+00
-5.816079309854443657e+00
-5.816079309854443657e+00
-5.816079309854441881e+00
-5.816079309854440105e+00
-1.134804528209512500e+04
2.466443457284864053e+03
1.102241416011510410e+03
-1.208979837849534817e+02
-9.682132385859107444e+02
-1.143257507579158528e+03
-5.085166387887912833e+02
2.161995993543138468e+02
-1.398177112473189027e+03
-6.653364254184094762e+02
1.970178546266848934e+04
