3.926949945201140508e+02
3.912127430186027368e+02
-1.207556439248247671e+03
-1.711506644760637073e+03
2.630222924200113994e+03
9.787534003869643129e+03
-2.013027197583510087e+03
-1.625511910937364746e+03
4.710841808384260730e+03
4.520741337031823605e+03
0.000000000000000000e+00
1.756141214932774574e+03
-2.754341336811710903e+02
-1.117911868399633022e+03
-1.560122914721106645e+04
5.796840544363064510e+03
-2.328722519561698391e+03
-1.540351686297754213e+03
4.623106648758845949e+03
4.140508741116959754e+03
0.000000000000000000e+00
4.852138393536807257e+02
-2.675436655744799737e+02
-1.018118289172029336e+03
-9.272001347719300611e+03
-1.411347105213822715e+03
0.000000000000000000e+00
-3.502764822091019141e+03
0.000000000000000000e+00
0.000000000000000000e+00
3.177296965442486908e+03
-4.233725276801298065e+01
-1.944893914501458596e+02
-6.232495547650420349e+02
4.614017985005741025e+02
-3.153154618148307236e+03
-2.195671324322437158e+03
-1.456061778391324196e+03
3.076590318567235954e+03
3.874538380589609915e+03
0.000000000000000000e+00
-4.580296116576897134e+02
-2.597917695900709418e+02
-9.188384478849458219e+02
-4.938090975938751399e+03
-1.697413172464743184e+03
0.000000000000000000e+00
-4.156902066136764915e+03
0.000000000000000000e+00
0.000000000000000000e+00
2.494048953364139834e+03
-4.169719876546269433e+01
-1.847172626065150780e+02
-5.119569377004112312e+02
5.171157953373919554e+03
-1.376572989565461739e+03
0.000000000000000000e+00
-1.700948014403403704e+03
0.000000000000000000e+00
0.000000000000000000e+00
-3.391423239030476111e+02
0.000000000000000000e+00
0.000000000000000000e+00
0.000000000000000000e+00
-7.932034786869654397e+01
-6.316222277521778672e+00
-3.129933337286677286e+01
-1.270354395909292293e+02
-2.110309600703725721e+02
1.643558154863682375e+03
-1.118220503473873032e+04
-1.650762372246915447e+03
-1.372678965146871860e+03
9.918106583308250492e+02
3.713414568886824782e+03
0.000000000000000000e+00
-1.104900127036018375e+03
-2.521835315937783548e+02
-8.201006953621628099e+02
-2.204136508581744238e+03
-1.944463720236744848e+03
0.000000000000000000e+00
-4.726674176501733200e+03
0.000000000000000000e+00
0.000000000000000000e+00
2.031692140841022137e+03
-4.107885634951831832e+01
-1.750399643519661481e+02
-4.009107492077433790e+02
7.270308002352796393e+03
-1.521380038230823402e+03
0.000000000000000000e+00
-2.053166970078730628e+03
0.000000000000000000e+00
0.000000000000000000e+00
-9.777184427680782619e+02
0.000000000000000000e+00
0.000000000000000000e+00
0.000000000000000000e+00
-2.498484675371332742e+02
-6.278478427299098108e+00
-3.040268926982896502e+01
-1.156952601331250747e+02
-9.015581147525831796e+01
5.928392137429853392e+03
-3.738781683332284729e+02
0.000000000000000000e+00
-3.128446828735773124e+02
0.000000000000000000e+00
0.000000000000000000e+00
6.793429502002451272e+02
0.000000000000000000e+00
0.000000000000000000e+00
0.000000000000000000e+00
5.585628998693188123e+02
0.000000000000000000e+00
0.000000000000000000e+00
0.000000000000000000e+00
0.000000000000000000e+00
-2.238600587667909167e+03
-9.230030988016441063e-01
-4.811051450910547089e+00
-2.210106721023439036e+01
-7.082381304154705504e+01
1.324845355086085306e+02
-2.071491033023393356e+03
-1.435459082455007774e+04
-7.271329456590267455e+02
-1.290241018507504350e+03
-9.052516613366035472e+02
3.648687087519008401e+03
0.000000000000000000e+00
-1.483433353611346092e+03
-2.447241713590856023e+02
-7.219341794712271394e+02
-6.903275877789750439e+02
-2.155588172255242625e+03
0.000000000000000000e+00
-5.219646780100766591e+03
0.000000000000000000e+00
0.000000000000000000e+00
1.766399501390580326e+03
-4.048294211757284700e+01
-1.654615657263265405e+02
-2.901331261729845892e+02
7.094420746236197374e+03
-1.652925962359777486e+03
0.000000000000000000e+00
-2.374539126337373546e+03
0.000000000000000000e+00
0.000000000000000000e+00
-1.553213540796793268e+03
0.000000000000000000e+00
0.000000000000000000e+00
0.000000000000000000e+00
-2.768583979024392079e+02
-6.244015178442396952e+00
-2.952179199887285677e+01
-1.044134599870100004e+02
3.069566635643042929e+01
6.981794750277533240e+03
-4.497132195665541303e+02
0.000000000000000000e+00
-4.753670397772772844e+02
0.000000000000000000e+00
0.000000000000000000e+00
3.201712632656512483e+02
0.000000000000000000e+00
0.000000000000000000e+00
0.000000000000000000e+00
-1.767820978568343193e+01
0.000000000000000000e+00
0.000000000000000000e+00
0.000000000000000000e+00
0.000000000000000000e+00
-1.993137500302507988e+03
-9.234853284340671653e-01
-4.738318041529434588e+00
-2.099059802346507553e+01
-5.817692473857817959e+01
2.613451270467438121e+02
2.223380294649615735e+03
1.011609269716432493e+02
0.000000000000000000e+00
4.647634733164366594e+02
0.000000000000000000e+00
0.000000000000000000e+00
1.026672155805623106e+03
0.000000000000000000e+00
0.000000000000000000e+00
0.000000000000000000e+00
1.781117607481086907e+03
0.000000000000000000e+00
0.000000000000000000e+00
0.000000000000000000e+00
0.000000000000000000e+00
9.165910628503798989e+02
0.000000000000000000e+00
0.000000000000000000e+00
0.000000000000000000e+00
0.000000000000000000e+00
0.000000000000000000e+00
-2.469786616276717268e+03
-1.328754294909250122e-01
-7.177525315366748426e-01
-3.556742428735632178e+00
-1.443584540806149796e+01
-2.398079091704266830e+01
4.187474484916621691e+02
-5.358798654995091965e+03
-1.020434129252922139e+04
5.454793900196843879e+02
-1.208786728607493842e+03
-2.122240154902424365e+03
3.672780296925937364e+03
0.000000000000000000e+00
-1.618709898492638786e+03
-2.374190458022466714e+02
-6.243688647129971514e+02
-3.308790502734524352e+01
-2.333572254284375504e+03
0.000000000000000000e+00
-5.642611794280900540e+03
0.000000000000000000e+00
0.000000000000000000e+00
1.676971654800718852e+03
-3.991019110710667661e+01
-1.559862460394799655e+02
-1.796468580736708418e+02
4.971629817553020985e+03
-1.772218955838733791e+03
0.000000000000000000e+00
-2.667623850228018000e+03
0.000000000000000000e+00
0.000000000000000000e+00
-2.071572391283515572e+03
0.000000000000000000e+00
0.000000000000000000e+00
0.000000000000000000e+00
-1.782746466785546602e+02
-6.212932870400103447e+00
-2.865721949928524381e+01
-9.319326083666884131e+01
1.515065148189328852e+02
5.159381465290504821e+03
-5.210219112890060842e+02
0.000000000000000000e+00
-6.270473644334529126e+02
0.000000000000000000e+00
0.000000000000000000e+00
-1.399384414261727727e+01
0.000000000000000000e+00
0.000000000000000000e+00
0.000000000000000000e+00
-5.473279258047991789e+02
0.000000000000000000e+00
0.000000000000000000e+00
0.000000000000000000e+00
0.000000000000000000e+00
-1.662017611258502029e+03
-9.244512685333534652e-01
-4.668051857900191948e+00
-1.989090504000610693e+01
-4.555803968267928639e+01
3.903676793269884229e+02
2.861737400373006494e+03
5.492193661805975324e+01
0.000000000000000000e+00
3.824323167901295051e+02
0.000000000000000000e+00
0.000000000000000000e+00
8.591649596495755077e+02
0.000000000000000000e+00
0.000000000000000000e+00
0.000000000000000000e+00
1.434120124082107395e+03
0.000000000000000000e+00
0.000000000000000000e+00
0.000000000000000000e+00
0.000000000000000000e+00
4.132564687779221799e+02
0.000000000000000000e+00
0.000000000000000000e+00
0.000000000000000000e+00
0.000000000000000000e+00
0.000000000000000000e+00
-1.896109093796789466e+03
-1.335808606111408003e-01
-7.134634576473530831e-01
-3.454851053389105253e+00
-1.314718865149841065e+01
-1.024497857668304768e+01
5.542625758146909902e+02
-9.382062701700594971e+02
6.917076305300142280e+01
0.000000000000000000e+00
5.941267311544071390e+02
0.000000000000000000e+00
0.000000000000000000e+00
1.160772632468561596e+03
0.000000000000000000e+00
0.000000000000000000e+00
0.000000000000000000e+00
1.735200988752541662e+03
0.000000000000000000e+00
0.000000000000000000e+00
0.000000000000000000e+00
0.000000000000000000e+00
2.425020665510337039e+03
0.000000000000000000e+00
0.000000000000000000e+00
0.000000000000000000e+00
0.000000000000000000e+00
0.000000000000000000e+00
1.333036926464974840e+03
0.000000000000000000e+00
0.000000000000000000e+00
0.000000000000000000e+00
0.000000000000000000e+00
0.000000000000000000e+00
0.000000000000000000e+00
-1.008630253046827875e+03
-1.891612340369018194e-02
-1.048867157729349714e-01
-5.467103921489288032e-01
-2.511484910256061021e+00
-8.048160572902771648e+00
1.505506085328701893e+01
6.572998759777694886e+02
-5.751488604625305015e+03
2.637208577642150885e+03
2.140418452081929445e+03
-1.128355928536773490e+03
-2.298774337960756839e+03
3.778910846284442869e+03
0.000000000000000000e+00
-1.533144521768949971e+03
-2.302736522933070376e+02
-5.274355522953967466e+02
1.057870057323586224e+02
-2.480926142224052001e+03
0.000000000000000000e+00
-6.001661632183019719e+03
0.000000000000000000e+00
0.000000000000000000e+00
1.744570230311257774e+03
-3.936135723819271703e+01
-1.466182975576041088e+02
-6.947540321765102078e+01
1.220126110047196789e+03
-1.880170942275597326e+03
0.000000000000000000e+00
-2.934731869802043548e+03
0.000000000000000000e+00
0.000000000000000000e+00
-2.538121412023660923e+03
0.000000000000000000e+00
0.000000000000000000e+00
0.000000000000000000e+00
3.009297506296967484e+01
-6.185334377617699886e+00
-2.780956492717109896e+01
-8.203797493985386780e+01
2.722592430910105463e+02
8.052733465736870357e+02
-5.881267230449152521e+02
0.000000000000000000e+00
-7.687289146480846966e+02
0.000000000000000000e+00
0.000000000000000000e+00
-3.252471219178752904e+02
0.000000000000000000e+00
0.000000000000000000e+00
0.000000000000000000e+00
-1.034976897303609348e+03
0.000000000000000000e+00
0.000000000000000000e+00
0.000000000000000000e+00
0.000000000000000000e+00
-1.258467747292407239e+03
-9.259148996625962136e-01
-4.600334331542004662e+00
-1.880245065071225596e+01
-3.296967342877354668e+01
5.195395489775464739e+02
2.283639281675841914e+02
1.032058576935445338e+01
0.000000000000000000e+00
3.039112362904919564e+02
0.000000000000000000e+00
0.000000000000000000e+00
7.007774855566303813e+02
0.000000000000000000e+00
0.000000000000000000e+00
0.000000000000000000e+00
1.107485699711980715e+03
0.000000000000000000e+00
0.000000000000000000e+00
0.000000000000000000e+00
0.000000000000000000e+00
-5.656768150326967515e+01
0.000000000000000000e+00
0.000000000000000000e+00
0.000000000000000000e+00
0.000000000000000000e+00
0.000000000000000000e+00
-1.281140218006208897e+03
-1.343563835830877407e-01
-7.095471793686194406e-01
-3.354749090781196319e+00
-1.186516590760148659e+01
3.488143904159848763e+00
6.900943568015450182e+02
-4.201367888699114701e+02
3.727766493169010431e+01
0.000000000000000000e+00
5.448013134419807102e+02
0.000000000000000000e+00
0.000000000000000000e+00
1.075314686092193369e+03
0.000000000000000000e+00
0.000000000000000000e+00
0.000000000000000000e+00
1.569508367217264095e+03
0.000000000000000000e+00
0.000000000000000000e+00
0.000000000000000000e+00
0.000000000000000000e+00
2.095923969230561852e+03
0.000000000000000000e+00
0.000000000000000000e+00
0.000000000000000000e+00
0.000000000000000000e+00
0.000000000000000000e+00
8.993459390771462267e+02
0.000000000000000000e+00
0.000000000000000000e+00
0.000000000000000000e+00
0.000000000000000000e+00
0.000000000000000000e+00
0.000000000000000000e+00
-1.796959522768540580e+02
-1.908500861713173513e-02
-1.049415145947917988e-01
-5.384452319920204344e-01
-2.385295229940341155e+00
-6.611014174859320747e+00
2.969830989160931978e+01
7.983604497869642955e+02
-1.232348489540147057e+03
-2.174882605525936299e+02
0.000000000000000000e+00
3.375455436914462553e+02
0.000000000000000000e+00
0.000000000000000000e+00
9.532695587195223652e+02
0.000000000000000000e+00
0.000000000000000000e+00
0.000000000000000000e+00
1.567309761704012544e+03
0.000000000000000000e+00
0.000000000000000000e+00
0.000000000000000000e+00
0.000000000000000000e+00
2.195289852409756350e+03
0.000000000000000000e+00
0.000000000000000000e+00
0.000000000000000000e+00
0.000000000000000000e+00
0.000000000000000000e+00
2.948493768224443102e+03
0.000000000000000000e+00
0.000000000000000000e+00
0.000000000000000000e+00
0.000000000000000000e+00
0.000000000000000000e+00
0.000000000000000000e+00
1.978561047478810224e+03
0.000000000000000000e+00
0.000000000000000000e+00
0.000000000000000000e+00
0.000000000000000000e+00
0.000000000000000000e+00
0.000000000000000000e+00
0.000000000000000000e+00
1.739186827090785300e+03
-2.670010765836844466e-03
-1.509948062396626080e-02
-8.156278767461994095e-02
-4.041752759927939587e-01
-1.640436978188702488e+00
-2.725089876934797761e+00
4.758493732867224679e+01
8.560935655489706733e+02
-2.244941911828127104e+03
2.473229643290016975e+04
4.033821374976078914e+03
-1.048989519677988255e+03
-1.182480159459732704e+03
3.961013177076835746e+03
0.000000000000000000e+00
-1.246747211934799907e+03
-2.232936320429523391e+02
-4.311659006678395940e+02
6.775668227905630658e+01
-2.599909981244858045e+03
0.000000000000000000e+00
-6.302256336789391753e+03
0.000000000000000000e+00
0.000000000000000000e+00
1.952477697185870738e+03
-3.883721376638843026e+01
-1.373621282509006392e+02
4.035709462942597980e+01
-3.853605545587646247e+03
-1.977606416364940287e+03
0.000000000000000000e+00
-3.177948525757919469e+03
0.000000000000000000e+00
0.000000000000000000e+00
-2.957629073053706179e+03
0.000000000000000000e+00
0.000000000000000000e+00
0.000000000000000000e+00
3.343261599951609355e+02
-6.161325170047484256e+00
-2.697943702299445690e+01
-7.095100735378815671e+01
3.929358146958128373e+02
-5.749903477408300205e+03
-6.513200011165238266e+02
0.000000000000000000e+00
-9.011754198912742595e+02
0.000000000000000000e+00
0.000000000000000000e+00
-6.154800058827569273e+02
0.000000000000000000e+00
0.000000000000000000e+00
0.000000000000000000e+00
-1.484724705429878441e+03
0.000000000000000000e+00
0.000000000000000000e+00
0.000000000000000000e+00
0.000000000000000000e+00
-7.940104831276620416e+02
-9.278905503894493423e-01
-4.535248989443504186e+00
-1.772570977722397956e+01
-2.041441569014094881e+01
6.488476607275124479e+02
-5.309360604591118317e+03
-3.274593816988723205e+01
0.000000000000000000e+00
2.289293359193430604e+02
0.000000000000000000e+00
0.000000000000000000e+00
5.508083327943503491e+02
0.000000000000000000e+00
0.000000000000000000e+00
0.000000000000000000e+00
7.995133776962645697e+02
0.000000000000000000e+00
0.000000000000000000e+00
0.000000000000000000e+00
0.000000000000000000e+00
-4.963442116190641968e+02
0.000000000000000000e+00
0.000000000000000000e+00
0.000000000000000000e+00
0.000000000000000000e+00
0.000000000000000000e+00
-6.343407206289982696e+02
-1.352039387006915838e-01
-7.060150989089450935e-01
-3.256502215825800572e+00
-1.059014327689846269e+01
1.721664941123984960e+01
8.262337441103278479e+02
-3.397987343422001686e+03
6.056399668511204482e+00
0.000000000000000000e+00
4.969061507879824262e+02
0.000000000000000000e+00
0.000000000000000000e+00
9.931577460578805585e+02
0.000000000000000000e+00
0.000000000000000000e+00
0.000000000000000000e+00
1.411550937758174314e+03
0.000000000000000000e+00
0.000000000000000000e+00
0.000000000000000000e+00
0.000000000000000000e+00
1.783436920124366452e+03
0.000000000000000000e+00
0.000000000000000000e+00
0.000000000000000000e+00
0.000000000000000000e+00
0.000000000000000000e+00
4.886062002212623270e+02
0.000000000000000000e+00
0.000000000000000000e+00
0.000000000000000000e+00
0.000000000000000000e+00
0.000000000000000000e+00
0.000000000000000000e+00
6.558620006760206707e+02
-1.926392128007396731e-02
-1.050512805151855300e-01
-5.304604383977771231e-01
-2.260330118182186876e+00
-5.177049963945947297e+00
4.435996355986319628e+01
9.398665880315442109e+02
-7.251779656355637371e+02
-2.408188707940371955e+02
0.000000000000000000e+00
3.039782661983306866e+02
0.000000000000000000e+00
0.000000000000000000e+00
9.020080901863453846e+02
0.000000000000000000e+00
0.000000000000000000e+00
0.000000000000000000e+00
1.481214277760445839e+03
0.000000000000000000e+00
0.000000000000000000e+00
0.000000000000000000e+00
0.000000000000000000e+00
2.033550553754239218e+03
0.000000000000000000e+00
0.000000000000000000e+00
0.000000000000000000e+00
0.000000000000000000e+00
0.000000000000000000e+00
2.637498366395088397e+03
0.000000000000000000e+00
0.000000000000000000e+00
0.000000000000000000e+00
0.000000000000000000e+00
0.000000000000000000e+00
0.000000000000000000e+00
1.606336880403340729e+03
0.000000000000000000e+00
0.000000000000000000e+00
0.000000000000000000e+00
0.000000000000000000e+00
0.000000000000000000e+00
0.000000000000000000e+00
0.000000000000000000e+00
2.765142611830795886e+03
-2.701300801837723618e-03
-1.517964325126829571e-02
-8.107539291448365160e-02
-3.925967106125439754e-01
-1.493998710397971497e+00
-1.164202110995030681e+00
6.298438361521577633e+01
1.001775344765103341e+03
2.264104681337355487e+03
-5.798247111357812855e+02
0.000000000000000000e+00
-7.147205066968943754e+01
0.000000000000000000e+00
0.000000000000000000e+00
5.291921823737513932e+02
0.000000000000000000e+00
0.000000000000000000e+00
0.000000000000000000e+00
1.185201085466654604e+03
0.000000000000000000e+00
0.000000000000000000e+00
0.000000000000000000e+00
0.000000000000000000e+00
1.855755848116348716e+03
0.000000000000000000e+00
0.000000000000000000e+00
0.000000000000000000e+00
0.000000000000000000e+00
0.000000000000000000e+00
2.570979873006465823e+03
0.000000000000000000e+00
0.000000000000000000e+00
0.000000000000000000e+00
0.000000000000000000e+00
0.000000000000000000e+00
0.000000000000000000e+00
3.479743171981289379e+03
0.000000000000000000e+00
0.000000000000000000e+00
0.000000000000000000e+00
0.000000000000000000e+00
0.000000000000000000e+00
0.000000000000000000e+00
0.000000000000000000e+00
2.872024598124484783e+03
0.000000000000000000e+00
0.000000000000000000e+00
0.000000000000000000e+00
0.000000000000000000e+00
0.000000000000000000e+00
0.000000000000000000e+00
0.000000000000000000e+00
0.000000000000000000e+00
5.421721063303158189e+03
-3.743809445010782091e-04
-2.149559477691932122e-03
-1.191894497419425554e-02
-6.212618092600970254e-02
-2.853960125290935790e-01
-9.145637014659765418e-01
1.710802369701661885e+00
7.469316772480260624e+01
1.021754973525743935e+03
5.237477669772718400e+03
